object Form1: TForm1
  Left = 0
  Top = 0
  Caption = 'Form1'
  ClientHeight = 480
  ClientWidth = 640
  FormFactor.Width = 320
  FormFactor.Height = 480
  FormFactor.Devices = [Desktop]
  DesignerMasterStyle = 3
  object Panel1: TPanel
    Position.X = 112.000000000000000000
    Position.Y = 96.000000000000000000
    TabOrder = 1
    object Label1: TLabel
      Position.X = 120.000000000000000000
      Position.Y = 80.000000000000000000
      Text = 'Label1'
      TabOrder = 1
    end
  end
  object PopupBox1: TPopupBox
    Position.X = 704.000000000000000000
    Position.Y = 304.000000000000000000
    Size.Width = 73.000000000000000000
    Size.Height = 22.000000000000000000
    Size.PlatformDefault = False
    TabOrder = 2
  end
end
